   2.0000000e+00   1.1789326e+00  -2.3298718e-02  -4.2706890e-01   2.7316341e-01  -6.5757815e-01   1.1282264e+00   1.5078977e-01   1.6869379e+00   1.3550345e-01   3.1082497e-01
   2.0000000e+00   9.0581093e-01  -1.1718627e+00   1.8831312e+00   1.0694325e+00  -1.3783078e-01   2.2258838e-01   3.1100874e-01  -7.7709415e-01   5.1458298e-01   4.9341907e-01
   1.0000000e+00   2.0243230e-01  -1.0992748e+00   7.2654103e-01  -2.4138866e+00  -2.9679414e-01   7.1514619e-02   8.6764673e-01  -9.1262573e-01  -8.7559787e-02  -1.4504588e-02
   2.0000000e+00  -2.6545024e-01   1.6045747e+00  -8.4041630e-01   2.3800944e-01   1.8304248e-01  -5.5716774e-01  -8.0408686e-01   6.3386456e-01   5.8550978e-01  -1.5463888e-01
   2.0000000e+00  -3.0918521e-01   2.1272992e-01   3.9875153e-01   9.6660534e-01  -3.6871592e-01  -1.0306688e+00  -5.6626416e-01  -5.4897348e-02  -1.1476430e+00   6.4519905e-01
   2.0000000e+00   2.4555630e-01  -7.2295241e-01   1.2682505e+00   3.8371073e-01  -9.9152876e-01  -1.1208352e+00  -1.7087475e-02  -1.4732788e+00   2.6601513e-01  -1.5804689e+00
   2.0000000e+00   3.1278630e-01   6.9798969e-01  -5.5125500e-01   1.8585096e-01   9.4590103e-01   1.8788447e-01  -2.3323180e-01  -7.0008215e-01  -2.5000821e+00  -4.3134810e-01
   2.0000000e+00  -1.2902696e+00   1.9210958e+00   1.0233305e-01   1.1440057e+00  -1.1632770e-01   1.9394614e+00   1.3664898e+00   5.7670126e-01   1.6934668e-01   1.5832517e+00
   2.0000000e+00   8.8084140e-02  -6.9951666e-01  -2.2855594e-01   1.3368664e+00   3.2761553e-01  -2.6887432e-01  -2.0846412e+00  -9.0798535e-01  -6.1647461e-02   5.1740053e-01
   2.0000000e+00  -1.3523491e+00   3.6478091e-01  -2.8658227e-01  -3.1502668e-01   9.8362028e-01  -4.8064094e-01  -2.3402376e-01  -7.1836693e-01  -2.4415727e+00  -6.8383126e-01
   2.0000000e+00   2.4685628e-01  -2.9766321e-02   1.3986472e+00   2.0377702e-01  -1.3559578e-01  -7.6624018e-01   9.8713382e-01   6.6977817e-01  -3.6610675e-01   2.3667513e-01
   2.0000000e+00  -3.9317635e-01  -8.0503585e-01  -1.6268099e+00   1.1111052e+00  -4.4059192e-01  -1.1821644e+00   8.1081606e-01  -2.1825930e+00  -1.2195083e+00   1.3406767e+00
   2.0000000e+00  -1.8202029e+00  -2.2736925e+00  -7.9521579e-01   1.5214098e+00  -6.5069337e-01   2.7394871e-02  -9.6654516e-01   1.4599340e+00   4.7502575e-01   9.6888586e-01
   2.0000000e+00   7.5480924e-01   1.4715251e+00  -1.1383532e-01   1.8386062e+00   1.8373136e+00  -4.3735087e-01   2.6437892e+00  -8.9245426e-01   4.2305433e-01  -7.8519865e-01
   1.0000000e+00  -1.8592424e-01  -6.5382225e-01   1.6493582e-01   7.7035527e-01   9.1198405e-01   1.4121886e+00   5.4802630e-01   2.9059485e-01  -9.4175607e-01  -4.9805778e-01
   1.0000000e+00   2.2098272e-01  -6.4702139e-03  -1.8839039e-01   4.3457500e-01   1.8905719e+00  -1.2321860e+00   6.1426582e-01   5.4208075e-01  -3.5312176e-01  -1.5659187e+00
   2.0000000e+00   4.1339642e-01  -4.5463708e-01  -1.0958598e-01   4.3400706e-02   1.4334178e+00   1.2328113e+00   8.2257559e-01   3.0268252e-02   2.4847180e-01  -5.0625695e-01
   2.0000000e+00   1.8311933e-01  -1.2344383e+00   4.9170182e-01  -6.6329852e-01  -1.6006056e+00   2.8971526e-01  -6.2167599e-02  -2.6833014e-01   4.9865489e-01   3.6206047e-01
   2.0000000e+00  -5.1837913e-01  -4.4798119e-01  -8.4010536e-01  -2.6742878e-01  -1.7261430e+00   4.5078696e-01  -1.4022895e+00  -1.6266724e+00   3.3017234e-01  -2.4137753e-01
   2.0000000e+00  -6.4316637e-01  -1.9095997e+00   8.3052941e-01   6.4508542e-01  -4.9786247e-01   6.5376386e-01  -8.7988384e-02   6.6779970e-01   8.9406448e-01  -1.1684242e+00
   2.0000000e+00   1.5341092e+00  -7.3492515e-01   5.1046381e-01  -7.2640469e-01  -1.5119540e+00  -1.0031425e-01   8.9432911e-01  -5.9696241e-01  -1.4283121e+00  -2.0216542e+00
   2.0000000e+00  -1.3779869e+00  -1.5106463e+00   7.7052960e-01  -8.8642164e-01  -2.8871870e-01   2.8252205e-01  -5.5962578e-01   1.2308767e+00   2.7906548e+00  -7.7886764e-01
   2.0000000e+00  -8.2061583e-01   8.1973168e-01   1.7057945e+00   1.3173624e+00   2.4098689e-01  -3.0021430e-01  -1.2514808e+00  -6.2859224e-01  -2.1152348e+00  -2.4829109e+00
   2.0000000e+00   8.2436286e-01  -1.9041009e+00  -1.1338438e-01  -2.1788227e-01   6.4634670e-01  -5.1582083e-01   4.6350252e-01   1.0671207e+00   9.5733016e-01   2.4596872e-01
   2.0000000e+00  -4.6133159e-01  -4.9054763e-03   6.2024794e-01   2.4090727e-01   7.5233311e-01   1.6709820e+00  -4.1391365e-01  -8.0584912e-01  -5.9887084e-01  -1.9828355e-02
   2.0000000e+00  -8.0233549e-01  -1.6227794e+00   6.2720855e-01  -9.0368950e-01  -6.4026381e-01   5.4298755e-01  -6.1322288e-02  -6.1928258e-02  -7.4198741e-01  -9.9491853e-01
   2.0000000e+00   4.4135772e-01  -2.1770845e-01   2.3188540e+00   1.2582688e+00  -2.2624240e+00   5.0880115e-01  -1.4198506e-01   4.2094830e-01  -1.3682950e+00   5.2726660e-01
   2.0000000e+00   2.0437273e-01   1.1360670e+00  -6.0489955e-01  -1.4316502e-01  -3.3556021e-01  -1.2313076e-01   1.1145658e+00  -4.6664855e-01   1.0200210e+00   3.4145670e-01
   2.0000000e+00   5.5506570e-01   2.4673728e-01   1.3526859e+00  -3.6944318e-01  -1.4824091e+00  -8.9866691e-01  -1.3214718e+00   1.2838894e-01  -3.8844022e-01   5.1955072e-02
   2.0000000e+00   1.1007540e-02  -1.8912143e-01   4.2334569e-01  -5.5051360e-01   1.3400935e-01  -2.5567145e-01  -2.4966201e-01   1.8077572e+00  -4.1523443e-02   6.6641191e-01
   2.0000000e+00  -2.8529062e-01  -3.0821679e-01  -2.2671471e-01   9.3241752e-02  -5.9100436e-01   1.3712130e+00  -4.8145647e-01   2.0927941e+00   1.9502393e+00   1.2416613e+00
   1.0000000e+00  -4.2132093e-01   8.2633449e-01  -8.0270267e-01   1.2468430e+00  -6.2952731e-01  -3.6689022e-01   2.4736822e-02  -5.4238917e-01   1.3363882e+00   2.4535418e-01
   2.0000000e+00  -1.0035555e+00  -5.0972246e-01   1.4826696e-01  -4.9726545e-01  -1.0006360e+00  -1.2502100e+00  -8.0765870e-01   1.2167689e+00   1.5910462e+00  -4.1496680e-01
   2.0000000e+00   5.8167453e-01  -1.4904411e+00  -7.3008652e-01   8.9265480e-01  -3.9626784e-01   8.0848455e-01   1.1463594e+00  -1.0167537e+00  -1.3525334e+00   5.4689347e-02
   1.0000000e+00  -4.2088901e-01  -1.4522397e+00  -2.3721607e-01   1.5428902e-02  -7.0329406e-01   8.0876766e-01   5.8764762e-01  -1.6969782e+00  -1.6446632e+00  -1.3812143e+00
   2.0000000e+00  -2.1772366e+00  -3.6795993e-01   4.9132356e-01   8.9783090e-01  -1.0083987e+00   8.5541021e-01   5.9353918e-01   9.2387142e-02   1.8987488e+00  -1.0265361e+00
   2.0000000e+00  -4.2574997e-01   1.6665271e+00  -3.8969425e-02  -9.7723797e-01   3.5618814e-01  -1.4590663e-01   8.4440566e-01   1.8079489e+00   1.1769903e-04  -2.4207788e-01
   2.0000000e+00  -1.9728086e+00  -3.2328154e-01  -1.3993450e+00   3.5656968e-01  -4.7154793e-02   1.3982732e+00   6.2438031e-01  -5.8221182e-01  -5.5923553e-01  -4.3848902e-01
   2.0000000e+00  -9.3076074e-01   1.2510183e+00  -1.2177655e+00   8.9140980e-01   1.0223744e+00   1.0079438e+00   6.2469294e-01  -2.1540403e-02   7.6803103e-02  -1.0709653e+00
   2.0000000e+00  -1.4930631e+00   6.5377553e-01  -6.9810261e-01   5.2320902e-02  -4.0558281e-01  -2.6274468e-01  -1.4285501e-02  -8.5710373e-01   6.2176803e-01  -9.2610593e-01
   2.0000000e+00   8.3129116e-01   1.5314258e+00  -8.8780233e-01   3.2362486e-02   4.4179122e-01   2.9560622e-01  -9.6057443e-01   2.1667944e+00   8.2657025e-01  -1.1696692e+00
   2.0000000e+00  -1.3811269e+00  -7.7276759e-01   1.7884919e-01   2.5701146e-01  -5.6052063e-02  -7.7480967e-02  -8.9765204e-01   2.6381065e+00  -4.6197900e-01  -9.2087452e-01
   2.0000000e+00  -8.9279068e-01   5.2468215e-01   6.1669139e-01  -9.8031983e-02   6.6066552e-01   1.1020708e+00   1.7419981e+00   9.7994139e-01  -1.0006910e+00  -8.8091153e-01
   2.0000000e+00  -1.2465588e+00  -7.6894159e-01  -5.5889258e-01  -6.5904223e-01   9.6089374e-01  -1.6430386e-01  -6.3585441e-01   2.4945684e-01   2.3550626e-01  -1.1105432e+00
   1.0000000e+00   9.8643953e-02  -7.4720512e-01   8.4028708e-01   6.4852805e-01  -1.0383495e+00  -2.3963121e-01   5.9014603e-01  -9.2031384e-01   3.8735003e-01  -4.8161500e-01
   2.0000000e+00   5.6308147e-01  -9.1808511e-01   6.4060130e-01   7.5600823e-01  -1.5927874e+00  -1.9337324e+00  -4.2066077e-01  -1.0885400e-01   6.8334209e-02   1.1850395e+00
   1.0000000e+00  -9.0366080e-02   1.2022323e+00   8.9757198e-01   6.6195648e-02  -1.2225201e+00  -1.1946098e-01   1.5568827e-01  -1.4482625e-01  -3.8419662e-01  -7.2035891e-02
   2.0000000e+00   3.5618003e-01   1.0904925e+00  -4.1112857e-01   1.1402048e-01   1.9422322e+00  -4.9222293e-01  -3.8050293e-01  -3.4723689e-02  -2.6346781e-02   1.3762837e-01
   2.0000000e+00   5.7620068e-01  -1.5388660e+00  -2.1275557e+00  -6.9102469e-01   1.3822769e+00   1.3755057e-01   4.7749869e-01   9.4984625e-01  -1.8137255e+00   3.3402794e-01
   2.0000000e+00   3.0386545e-01  -6.2856332e-01   5.5813806e-01   1.7132342e+00   2.7399147e-01  -2.6795971e-01  -1.4248312e+00   4.6786811e-01   6.3165774e-01  -1.1951088e+00
   2.0000000e+00  -1.2735359e+00  -9.6238298e-01  -1.4719615e-01  -1.3186259e+00   7.8475499e-01   1.7371816e+00  -8.1123912e-01   9.6241170e-01   8.6016266e-01   1.4486605e+00
   2.0000000e+00  -8.3524135e-01  -4.7570778e-01   5.8999009e-01   1.3018133e+00  -4.9486350e-01   7.6241715e-01  -3.8723597e-01  -1.8856390e-01  -1.9988973e-01  -3.1763028e-01
   2.0000000e+00   6.2834740e-01  -1.0355589e+00  -1.6038729e-01  -3.1651767e-01  -1.0599551e+00  -4.0556922e-01  -1.8956124e-01  -1.2215035e+00  -5.3061286e-01   6.6133571e-01
   2.0000000e+00   6.7844315e-01  -3.1815886e-01  -8.0057762e-01  -1.5318442e+00   9.7585278e-01   5.6981966e-01  -3.4706368e-01  -1.2828879e+00   5.8287525e-01   1.3780490e+00
   1.0000000e+00  -2.7017427e-01   1.0138052e+00  -6.3384986e-01  -8.2482581e-02   1.4189351e+00  -3.0986147e-01   7.6446747e-01  -6.8695697e-01   1.5012533e+00  -1.4822056e+00
   2.0000000e+00  -2.2882263e+00   6.8056567e-01  -1.2373511e-02   4.9578145e-01  -4.3261299e-01   1.4745693e+00  -5.9480689e-01  -5.3328918e-01   7.5361176e-02   2.5271957e-01
   1.0000000e+00   4.2773310e-01   8.7894433e-01   5.1420799e-01   9.0181171e-01   6.7188033e-01  -3.5085188e-02   1.4768910e-01   1.2134039e-01  -3.3480826e-01  -1.2328266e-01
   2.0000000e+00   2.1774725e-01   4.4290601e-01   3.0015046e-01  -7.6333369e-01   1.1186986e+00   1.1956463e+00  -2.8990564e-01  -2.4046952e-01   7.1602353e-01   7.1196309e-01
   2.0000000e+00  -5.6242034e-01   8.0782122e-02   7.7387695e-01   5.3517399e-01  -3.0909041e-01  -5.4556422e-01  -6.5750421e-01  -1.9499740e+00   3.0643578e-01   4.8697532e-01
   2.0000000e+00  -1.1461898e+00  -2.9519701e-01  -1.1090963e-01   1.1499289e+00  -8.2157095e-01  -3.9502751e-02   1.7666567e+00  -9.1916437e-02   4.1837793e-01   2.0621713e+00
   2.0000000e+00  -1.1689531e+00   1.0312193e+00   1.9384278e+00   7.3473816e-01   1.0647084e+00   4.3058847e-02  -2.2737752e+00  -1.0311480e+00   3.2307052e-01  -3.5017421e-01
   2.0000000e+00  -1.2726488e+00   3.4397789e-01   3.3802865e-01  -4.7469861e-01  -7.8026576e-01  -1.6588458e+00  -4.9442832e-01  -4.7041262e-01  -1.5276953e+00   2.7084802e-03
   2.0000000e+00   7.8572803e-01   1.9093766e+00  -1.8942414e+00  -2.2567530e-01   1.6646542e+00  -3.7631149e-01  -6.4076322e-02   9.8166280e-01   1.2652255e+00  -1.7162027e+00
   1.0000000e+00   6.7829804e-02   4.2701722e-02  -1.1450066e+00   6.9021242e-01   3.3894521e-01   9.9764303e-01   4.5713265e-02  -2.2980345e-01  -2.6306271e+00   8.3830099e-01
   2.0000000e+00  -9.7113421e-01   3.1717965e-01  -1.3581337e+00  -1.8708787e-01  -1.1321131e-01  -2.8939022e-01   5.8625412e-01  -2.1705722e-01  -1.9929321e+00  -1.1124176e+00
   2.0000000e+00   1.1052897e+00   5.9814009e-01   1.7553212e-01   9.5722041e-02  -3.6308887e-01   1.3861252e+00  -4.3726389e-01  -2.2805353e-01  -1.0284702e+00   1.5662831e+00
   2.0000000e+00  -8.3038626e-01   1.5662222e-01   1.6264472e+00  -1.4704160e+00  -8.1609443e-01   8.1180880e-01   6.2409665e-01  -8.8281420e-01  -1.7580016e-01  -1.3419343e+00
   2.0000000e+00   1.1323632e+00   1.1590068e+00  -2.3053030e+00   6.2919821e-01   1.1354582e+00   5.5824735e-01   7.8075474e-01  -1.3392473e+00  -1.9337561e-01  -1.1018664e+00
   2.0000000e+00   1.4480767e-01   3.8256868e-01  -1.9516009e-01   1.1546072e+00   1.6270921e-01  -1.2881003e+00  -1.8372633e-01  -4.4055461e-01   2.3585550e-01   9.2897895e-01
   2.0000000e+00   6.6926344e-01   1.1261361e-01  -1.1583622e+00   1.0971549e+00  -1.4215561e-01  -1.8253879e-01   6.8871369e-01  -3.2913705e-01   7.8489027e-01   1.1231183e+00
   2.0000000e+00  -6.5511836e-03  -1.7166744e+00  -1.8274011e+00  -5.4157544e-01   2.3165088e+00   1.9391377e+00   1.6836011e+00  -1.1106388e+00   1.3106754e+00   8.1661702e-01
   2.0000000e+00  -1.4794554e+00   1.6657913e+00  -1.1219510e+00   1.9345615e-01   5.2015835e-01  -4.0671675e-01  -3.7618899e-01  -2.5229627e-02  -7.8656212e-01  -1.1591286e+00
   2.0000000e+00  -5.9424032e-01   5.7434840e-01  -7.7731894e-01  -9.7264189e-02  -1.6182157e-01  -1.3264234e+00   1.7663117e+00   5.7318295e-02   8.1700385e-01   6.3590148e-01
   2.0000000e+00  -6.1433999e-01  -6.5320491e-02  -2.9718294e-01  -1.2805865e+00  -1.9859921e+00  -3.7404255e-02   1.1038088e+00  -1.6513895e+00   1.2118452e+00  -1.0778409e+00
   1.0000000e+00   1.5565071e-01   2.9129156e-01  -1.9123268e+00  -1.3099979e+00   2.2458767e+00   4.7150750e-01   2.9369240e-01   1.9729289e-01   8.2258513e-01  -8.7064571e-01
   2.0000000e+00  -2.0189988e+00  -2.5654434e-01  -1.7392762e-01   6.9280586e-01   9.7750207e-01  -1.6162801e+00  -1.3929409e+00   9.9928171e-01   7.0650994e-01  -1.0061932e+00
   2.0000000e+00   1.9272971e+00   1.2104403e+00   7.9735779e-01   4.9410961e-01  -4.3880548e-01   1.4045534e+00   3.4004494e-02  -6.9624984e-01   1.2248120e+00   5.3719032e-02
   1.0000000e+00   5.5770011e-01   8.5632387e-01   2.1750611e-02  -6.9409242e-01  -6.9046790e-01  -2.3365354e+00   1.4179233e-01  -1.4979655e+00  -5.2057209e-01   1.5881387e+00
   2.0000000e+00   9.3233898e-01  -4.4688765e-01  -8.6685826e-01   1.8308986e+00  -9.5619078e-01   1.0699842e+00  -6.2041756e-01   1.2719577e+00  -7.9773679e-01   2.2159891e-01
   2.0000000e+00  -1.2563304e+00   1.0983711e+00  -2.7726465e-01   1.4972289e+00  -1.3156486e+00   1.3454951e-01   2.1991151e-01  -5.9026528e-01  -6.9646497e-01   5.3838940e-01
   2.0000000e+00  -2.0876870e-01  -3.5110746e-01   6.7651146e-01  -7.2777605e-02  -9.8683952e-02  -3.5313126e-01  -1.6200921e+00  -1.1412894e+00  -1.4565084e-01  -1.0095770e+00
   2.0000000e+00   1.6121060e+00   3.6143460e-01  -1.1126666e+00   5.9946610e-01  -1.4141978e+00   9.4702096e-01  -1.5156813e+00  -5.1043382e-01  -1.0319796e+00   5.1925571e-01
   1.0000000e+00  -6.9249481e-01   7.8569589e-01  -5.7847450e-01   3.5309928e-01   1.1752834e+00   1.1900616e+00   4.3351513e-01   3.1848523e-03   1.4698545e+00  -1.2482269e-02
   2.0000000e+00  -5.3836754e-01   2.0422554e+00  -6.9737972e-01  -6.9383619e-01  -5.0259385e-01  -8.8509933e-01   2.7614724e+00   8.9757472e-01   1.2368662e+00   1.5169226e+00
   2.0000000e+00   2.9812430e+00  -9.4479757e-01  -3.5165860e-01   3.4642228e-01   3.6309306e-01   4.1227662e-01  -1.2302255e+00  -8.2001510e-01  -9.2173879e-02   1.0939159e+00
   2.0000000e+00  -1.3304153e+00  -5.5370016e-01  -9.0582570e-01   3.6202136e-01   1.0072529e+00   3.4448310e-01   5.6957109e-01  -2.6291650e+00  -1.4065221e+00  -3.9597499e-01
   2.0000000e+00   8.8973464e-01  -1.9751066e-01   6.2142708e-01   2.4698092e-01   7.0354651e-01  -1.8719397e-01  -1.7741805e+00   6.5534308e-01   4.5807197e-01   8.0098395e-02
   2.0000000e+00  -7.6185157e-01  -1.0624000e-01   1.5670708e-01   9.8448402e-01  -1.3936286e+00  -4.3724788e-01  -8.0242476e-01   6.1338344e-01  -1.0488316e+00  -9.7341597e-01
   2.0000000e+00  -1.3515679e+00   1.5107756e+00  -3.2206698e-01   7.2442493e-01  -2.3901861e+00   8.7208791e-01  -1.3779758e+00   1.7893229e-01  -7.0789356e-01   1.2798723e+00
   2.0000000e+00  -4.0554589e-02  -1.8508654e+00  -2.0175062e+00  -4.3456399e-01   2.2842007e+00   1.6770861e-01   8.5799374e-02  -1.7700738e+00   3.4440471e-02   5.2624371e-01
   2.0000000e+00   1.7608658e-01  -1.7966081e-01  -1.0594518e-01   1.2268805e+00  -2.0567476e-02  -7.2558572e-01  -1.0966185e+00  -8.8378073e-01  -1.1915075e+00   1.8862220e-01
   2.0000000e+00  -1.4583130e+00  -9.1028073e-01   1.3554974e+00   1.3700689e-01   5.9806416e-01  -6.5004301e-01  -2.2492616e-02   1.2248670e+00   1.8694998e-01   1.3015284e+00
   2.0000000e+00  -1.2333209e+00  -2.0429051e+00   1.4009967e+00   1.7777138e-01   6.9802785e-01   4.1962735e-01  -1.1478809e+00  -1.1656610e-01  -5.0339201e-01  -7.2139091e-03
   2.0000000e+00   1.0911105e+00   7.8470569e-01   1.6165234e+00  -9.7338611e-01  -1.2842511e+00   2.5992521e+00   8.2151199e-01  -1.4997758e-01  -2.0407452e+00  -6.3414431e-01
   2.0000000e+00  -5.0076575e-01   1.4376646e-01  -2.1189473e-01  -2.3184785e-01   1.9096837e-01  -7.2560192e-01   2.6569638e+00  -4.9000432e-01  -1.2847083e-02   1.1249040e-01
   2.0000000e+00  -6.2750238e-01   1.1403912e+00  -3.2434310e+00   1.1151384e+00  -2.2411190e+00  -4.7924030e-01  -1.2603104e+00  -1.1421079e+00   2.5554882e-01  -1.0458632e-01
   2.0000000e+00  -1.4735538e+00  -2.8834065e-01   8.3250697e-01  -8.3071197e-01  -1.5474090e+00   2.5861130e-01  -1.2446168e+00  -2.6501088e-01  -4.8686817e-02   1.9104650e-01
   2.0000000e+00  -9.6953051e-01   1.3351027e+00  -3.3171694e-01   8.0922416e-02   7.6349324e-01   1.0621042e+00   1.2015389e+00   3.2577754e-01  -1.7938585e+00   1.3840866e+00
   2.0000000e+00   9.8080820e-01  -6.4274716e-01  -6.1541755e-01  -2.6472293e-01   1.0367717e+00  -1.2645779e+00  -2.6561099e-01  -6.8046443e-01  -1.1031863e+00  -1.0812225e+00
   2.0000000e+00   6.7525755e-01  -1.2805587e-01  -1.9832438e-01   3.6031591e-01  -3.3942545e-02  -6.4642607e-01  -5.5156512e-01   2.5178266e-01   1.3034840e+00   8.0058552e-01
